Year,MoviesCount
1995,266
1994,240
1996,275
1976,51
1992,149
1967,53
1993,198
1964,45
1977,61
1965,43
1982,102
1990,142
1991,137
1989,147
1937,20
1940,23
1969,40
1981,99
1973,51
1970,43
1960,45
1955,49
1959,41
1968,45
1988,164
1948,26
1950,27
1997,267
1956,32
1958,31
1972,48
1943,21
1952,27
1951,23
1957,41
1961,36
1954,33
1934,14
1944,22
1963,47
1942,28
1941,21
1953,36
1939,26
1946,26
1945,25
1938,14
1947,32
1935,11
1936,18
1926,6
1949,27
1932,14
1985,125
1975,50
1974,57
1971,55
1979,72
1987,152
1986,129
1980,97
1978,62
1966,48
1962,41
1983,81
1984,99
1933,13
1931,14
1922,6
1998,271
1927,8
1929,7
1930,5
1928,5
1999,261
2000,273
1925,8
1923,3
1918,1
1921,5
2001,267
1924,5
2002,271
2003,238
1920,3
1915,1
2004,247
1916,2
,12
1917,1
2005,233
2006,261
1902,1
2007,255
2008,247
2009,255
1919,1
2010,227
2011,227
2012,222
2013,224
2014,221
-1979,1
2015,182
2016,65
